0 0 -88.1372
0 1 7.43416
0 60 7.57981
1 0 7.43416
1 1 -85.1837
1 2 8.67732
1 61 11.8868
2 1 8.67732
2 2 -74.8388
2 3 8.94919
2 62 9.42787
3 2 8.94919
3 3 -86.9289
3 4 5.29191
3 63 11.4132
4 3 5.29191
4 4 -31.4789
4 5 2.37905
4 64 2.38056
5 4 2.37905
5 5 -17.122
5 6 1.94885
5 65 2.09236
6 5 1.94885
6 6 -18.9967
6 7 1.62706
6 66 2.53388
7 6 1.62706
7 7 -12.7489
7 8 1.47203
7 67 1.79249
8 7 1.47203
8 8 -14.2766
8 9 1.12408
8 68 1.59728
9 8 1.12408
9 9 -8.65055
9 10 1.36097
9 69 1.09872
10 9 1.36097
10 10 -28.8922
10 11 4.81541
10 70 1.68944
11 10 4.81541
11 11 -60.7795
11 12 4.52192
11 71 5.28041
12 11 4.52192
12 12 -29.1811
12 13 1.88891
12 72 3.55868
13 12 1.88891
13 13 -12.6887
13 14 1.76719
13 73 0.995054
14 13 1.76719
14 14 -21.6537
14 15 2.43091
14 74 1.88081
15 14 2.43091
15 15 -22.949
15 16 4.17566
15 75 2.62814
16 15 4.17566
16 16 -181.204
16 17 28.7244
16 76 3.61169
17 16 28.7244
17 17 -268.513
17 18 22.0265
17 77 4.69439
18 17 22.0265
18 18 -145.404
18 19 17.9108
18 78 9.68059
19 18 17.9108
19 19 -166.628
19 20 11.5899
19 79 14.7411
20 19 11.5899
20 20 -80.7148
20 21 9.27133
20 80 11.2858
21 20 9.27133
21 21 -87.9053
21 22 3.95212
21 81 9.59188
22 21 3.95212
22 22 -24.5859
22 23 2.87246
22 82 3.26426
23 22 2.87246
23 23 -34.5956
23 24 5.85223
23 83 4.62375
24 23 5.85223
24 24 -133.667
24 25 19.9244
24 84 6.81251
25 24 19.9244
25 25 -201.252
25 26 12.7252
25 85 22.3305
26 25 12.7252
26 26 -75.356
26 27 5.50718
26 86 5.46577
27 26 5.50718
27 27 -37.2604
27 28 2.62033
27 87 4.8427
28 27 2.62033
28 28 -18.8947
28 29 2.21571
28 88 2.43641
29 28 2.21571
29 29 -24.7624
29 30 3.90004
29 89 3.11849
30 29 3.90004
30 30 -60.7872
30 31 6.57466
30 90 2.85152
31 30 6.57466
31 31 -47.2441
31 32 2.24558
31 91 4.67411
32 31 2.24558
32 32 -14.545
32 33 1.98239
32 92 1.90021
33 32 1.98239
33 33 -28.1867
33 34 2.90377
33 93 3.03194
34 33 2.90377
34 34 -25.7752
34 35 4.18616
34 94 3.4078
35 34 4.18616
35 35 -98.6189
35 36 15.5326
35 95 8.33719
36 35 15.5326
36 36 -195.244
36 37 24.3506
36 96 18.1585
37 36 24.3506
37 37 -251.351
37 38 42.9425
37 97 27.8176
38 37 42.9425
38 38 -926.663
38 39 49.6205
38 98 99.836
39 38 49.6205
39 39 -295.021
39 40 19.9486
39 99 38.7363
40 39 19.9486
40 40 -148.746
40 41 19.816
40 100 20.9055
41 40 19.816
41 41 -256.884
41 42 20.1258
41 101 34.0457
42 41 20.1258
42 42 -151.557
42 43 20.8041
42 102 20.4962
43 42 20.8041
43 43 -306.538
43 44 54.8184
43 103 27.9751
44 43 54.8184
44 44 -1115.43
44 45 112.982
44 104 80.4141
45 44 112.982
45 45 -852.922
45 46 91.4098
45 105 92.1083
46 45 91.4098
46 46 -889.818
46 47 140.352
46 106 117.337
47 46 140.352
47 47 -2873.84
47 48 338.073
47 107 492.821
48 47 338.073
48 48 -3343.5
48 49 395.579
48 108 437.73
49 48 395.579
49 49 -3723.37
49 50 185.194
49 109 526.612
50 49 185.194
50 50 -1154.04
50 51 129.189
50 110 134.268
51 50 129.189
51 51 -1316.68
51 52 124.281
51 111 203.026
52 51 124.281
52 52 -1115.32
52 53 163.491
52 112 169.457
53 52 163.491
53 53 -2813.61
53 54 347.408
53 113 377.05
54 53 347.408
54 54 -3229.29
54 55 155.934
54 114 454.163
55 54 155.934
55 55 -941.514
55 56 75.2213
55 115 121.246
56 55 75.2213
56 56 -537.477
56 57 36.0043
56 116 60.4734
57 56 36.0043
57 57 -255.684
57 58 31.3878
57 117 35.0178
58 57 31.3878
58 58 -351.766
58 59 43.9912
58 118 32.221
59 58 43.9912
59 59 -662.381
59 119 43.9581
60 0 7.57981
60 60 -90.9985
60 61 12.2636
60 120 11.006
61 1 11.8868
61 60 12.2636
61 61 -51.6126
61 62 13.3418
61 121 14.1204
62 2 9.42787
62 61 13.3418
62 62 -43.0232
62 63 12.2034
62 122 8.05014
63 3 11.4132
63 62 12.2034
63 63 -40.8764
63 64 3.13756
63 123 14.1222
64 4 2.38056
64 63 3.13756
64 64 -10.1589
64 65 2.09353
64 124 2.54727
65 5 2.09236
65 64 2.09353
65 65 -9.54523
65 66 2.78196
65 125 2.57738
66 6 2.53388
66 65 2.78196
66 66 -10.8001
66 67 2.9592
66 126 2.52506
67 7 1.79249
67 66 2.9592
67 67 -9.72613
67 68 1.98172
67 127 2.99271
68 8 1.59728
68 67 1.98172
68 68 -6.96267
68 69 1.54655
68 128 1.83711
69 9 1.09872
69 68 1.54655
69 69 -5.6309
69 70 1.30328
69 129 1.68234
70 10 1.68944
70 69 1.30328
70 70 -5.64335
70 71 1.7433
70 130 0.907326
71 11 5.28041
71 70 1.7433
71 71 -12.4065
71 72 4.01224
71 131 1.37058
72 12 3.55868
72 71 4.01224
72 72 -10.0967
72 73 1.32176
72 132 1.20401
73 13 0.995054
73 72 1.32176
73 73 -4.17751
73 74 1.03009
73 133 0.830597
74 14 1.88081
74 73 1.03009
74 74 -6.20196
74 75 1.99675
74 134 1.29431
75 15 2.62814
75 74 1.99675
75 75 -9.09784
75 76 2.39296
75 135 2.07999
76 16 3.61169
76 75 2.39296
76 76 -9.43217
76 77 2.19739
76 136 1.23013
77 17 4.69439
77 76 2.19739
77 77 -12.9305
77 78 3.69113
77 137 2.34758
78 18 9.68059
78 77 3.69113
78 78 -24.6935
78 79 8.67266
78 138 2.64913
79 19 14.7411
79 78 8.67266
79 79 -39.8097
79 80 14.2525
79 139 2.14343
80 20 11.2858
80 79 14.2525
80 80 -43.6578
80 81 11.7643
80 140 6.35517
81 21 9.59188
81 80 11.7643
81 81 -33.1624
81 82 6.34621
81 141 5.46
82 22 3.26426
82 81 6.34621
82 82 -20.4661
82 83 5.73102
82 142 5.12456
83 23 4.62375
83 82 5.73102
83 83 -19.9458
83 84 5.20323
83 143 4.38777
84 24 6.81251
84 83 5.20323
84 84 -21.2505
84 85 7.07309
84 144 2.16167
85 25 22.3305
85 84 7.07309
85 85 -43.0933
85 86 6.70446
85 145 6.98527
86 26 5.46577
86 85 6.70446
86 86 -21.9629
86 87 4.81065
86 146 4.98207
87 27 4.8427
87 86 4.81065
87 87 -18.2396
87 88 4.24981
87 147 4.33643
88 28 2.43641
88 87 4.24981
88 88 -13.2921
88 89 3.57417
88 148 3.03174
89 29 3.11849
89 88 3.57417
89 89 -12.1806
89 90 2.40992
89 149 3.07807
90 30 2.85152
90 89 2.40992
90 90 -9.42243
90 91 2.42403
90 150 1.73697
91 31 4.67411
91 90 2.42403
91 91 -13.8143
91 92 3.39119
91 151 3.32496
92 32 1.90021
92 91 3.39119
92 92 -11.1422
92 93 2.84385
92 152 3.00696
93 33 3.03194
93 92 2.84385
93 93 -13.2613
93 94 3.58569
93 153 3.79978
94 34 3.4078
94 93 3.58569
94 94 -18.5362
94 95 5.73044
94 154 5.81223
95 35 8.33719
95 94 5.73044
95 95 -30.6502
95 96 9.03878
95 155 7.54382
96 36 18.1585
96 95 9.03878
96 96 -56.2882
96 97 20.0191
96 156 9.07181
97 37 27.8176
97 96 20.0191
97 97 -131.023
97 98 44.0956
97 157 39.0905
98 38 99.836
98 97 44.0956
98 98 -265.093
98 99 63.7793
98 158 57.3826
99 39 38.7363
99 98 63.7793
99 99 -173.121
99 100 42.5151
99 159 28.0908
100 40 20.9055
100 99 42.5151
100 100 -123.73
100 101 37.3941
100 160 22.9152
101 41 34.0457
101 100 37.3941
101 101 -163.558
101 102 35.1194
101 161 56.9986
102 42 20.4962
102 101 35.1194
102 102 -129.347
102 103 27.4212
102 162 46.3101
103 43 27.9751
103 102 27.4212
103 103 -121.124
103 104 33.4006
103 163 32.3269
104 44 80.4141
104 103 33.4006
104 104 -252.842
104 105 69.245
104 164 69.7825
105 45 92.1083
105 104 69.245
105 105 -382.061
105 106 118.49
105 165 102.218
106 46 117.337
106 105 118.49
106 106 -671.67
106 107 291.829
106 166 144.015
107 47 492.821
107 106 291.829
107 107 -2404.91
107 108 737.62
107 167 882.639
108 48 437.73
108 107 737.62
108 108 -2465.71
108 109 604.044
108 168 686.318
109 49 526.612
109 108 604.044
109 109 -2138.41
109 110 253.357
109 169 754.393
110 50 134.268
110 109 253.357
110 110 -817.284
110 111 215.856
110 170 213.803
111 51 203.026
111 110 215.856
111 111 -1196.14
111 112 359.656
111 171 417.599
112 52 169.457
112 111 359.656
112 112 -1393.26
112 113 410.367
112 172 453.782
113 53 377.05
113 112 410.367
113 113 -1713.88
113 114 506.186
113 173 420.273
114 54 454.163
114 113 506.186
114 114 -1641.44
114 115 247.736
114 174 433.353
115 55 121.246
115 114 247.736
115 115 -640.579
115 116 87.0341
115 175 184.563
116 56 60.4734
116 115 87.0341
116 116 -298.43
116 117 57.7413
116 176 93.1808
117 57 35.0178
117 116 57.7413
117 117 -198.936
117 118 36.0581
117 177 70.1189
118 58 32.221
118 117 36.0581
118 118 -142.414
118 119 32.2033
118 178 41.9321
119 59 43.9581
119 118 32.2033
119 119 -366.925
119 179 46.9375
120 60 11.006
120 120 -113.248
120 121 12.4787
120 180 16.5622
121 61 14.1204
121 120 12.4787
121 121 -55.2162
121 122 8.32718
121 181 20.29
122 62 8.05014
122 121 8.32718
122 122 -32.5039
122 123 8.8427
122 182 7.28389
123 63 14.1222
123 122 8.8427
123 123 -44.5552
123 124 6.91237
123 183 14.6779
124 64 2.54727
124 123 6.91237
124 124 -16.6351
124 125 3.30136
124 184 3.87407
125 65 2.57738
125 124 3.30136
125 125 -10.3619
125 126 2.35537
125 185 2.12783
126 66 2.52506
126 125 2.35537
126 126 -10.0302
126 127 2.54942
126 186 2.60039
127 67 2.99271
127 126 2.54942
127 127 -11.2835
127 128 2.67476
127 187 3.06664
128 68 1.83711
128 127 2.67476
128 128 -8.90911
128 129 2.03193
128 188 2.36532
129 69 1.68234
129 128 2.03193
129 129 -5.86597
129 130 1.07613
129 189 1.07558
130 70 0.907326
130 129 1.07613
130 130 -3.61763
130 131 0.794827
130 190 0.839349
131 71 1.37058
131 130 0.794827
131 131 -3.60445
131 132 0.76281
131 191 0.676238
132 72 1.20401
132 131 0.76281
132 132 -3.138
132 133 0.782506
132 192 0.388675
133 73 0.830597
133 132 0.782506
133 133 -3.29079
133 134 0.994252
133 193 0.683438
134 74 1.29431
134 133 0.994252
134 134 -4.10157
134 135 1.32878
134 194 0.484236
135 75 2.07999
135 134 1.32878
135 135 -5.27363
135 136 1.14181
135 195 0.723055
136 76 1.23013
136 135 1.14181
136 136 -4.83825
136 137 1.27582
136 196 1.19049
137 77 2.34758
137 136 1.27582
137 137 -7.13293
137 138 1.87782
137 197 1.63171
138 78 2.64913
138 137 1.87782
138 138 -6.5467
138 139 1.37227
138 198 0.647486
139 79 2.14343
139 138 1.37227
139 139 -5.99636
139 140 1.80593
139 199 0.67472
140 80 6.35517
140 139 1.80593
140 140 -13.8692
140 141 3.9139
140 200 1.79418
141 81 5.46
141 140 3.9139
141 141 -16.4946
141 142 4.53074
141 201 2.58998
142 82 5.12456
142 141 4.53074
142 142 -16.0294
142 143 4.02325
142 202 2.35082
143 83 4.38777
143 142 4.02325
143 143 -12.7672
143 144 2.00673
143 203 2.34949
144 84 2.16167
144 143 2.00673
144 144 -7.92914
144 145 2.15339
144 204 1.60735
145 85 6.98527
145 144 2.15339
145 145 -17.7175
145 146 5.13549
145 205 3.44339
146 86 4.98207
146 145 5.13549
146 146 -21.0682
146 147 4.47524
146 206 6.47537
147 87 4.33643
147 146 4.47524
147 147 -17.311
147 148 3.07556
147 207 5.42379
148 88 3.03174
148 147 3.07556
148 148 -12.7726
148 149 2.66711
148 208 3.99815
149 89 3.07807
149 148 2.66711
149 149 -11.7209
149 150 2.05912
149 209 3.91665
150 90 1.73697
150 149 2.05912
150 150 -8.52908
150 151 2.15547
150 210 2.57751
151 91 3.32496
151 150 2.15547
151 151 -11.8428
151 152 2.95478
151 211 3.40759
152 92 3.00696
152 151 2.95478
152 152 -13.3704
152 153 4.0967
152 212 3.31195
153 93 3.79978
153 152 4.0967
153 153 -20.4648
153 154 6.39641
153 213 6.17188
154 94 5.81223
154 153 6.39641
154 154 -26.127
154 155 7.68621
154 214 6.23212
155 95 7.54382
155 154 7.68621
155 155 -30.0424
155 156 7.56682
155 215 7.24556
156 96 9.07181
156 155 7.56682
156 156 -38.2553
156 157 11.6467
156 216 9.96989
157 97 39.0905
157 156 11.6467
157 157 -132.677
157 158 49.187
157 217 32.753
158 98 57.3826
158 157 49.187
158 158 -170.133
158 159 26.7762
158 218 36.7871
159 99 28.0908
159 158 26.7762
159 159 -91.2635
159 160 17.9479
159 219 18.4486
160 100 22.9152
160 159 17.9479
160 160 -88.9025
160 161 29.0349
160 220 19.0046
161 101 56.9986
161 160 29.0349
161 161 -224.924
161 162 93.7774
161 221 45.1132
162 102 46.3101
162 161 93.7774
162 162 -248.641
162 163 62.2689
162 222 46.2843
163 103 32.3269
163 162 62.2689
163 163 -192.121
163 164 65.2547
163 223 32.2704
164 104 69.7825
164 163 65.2547
164 164 -352.92
164 165 103.394
164 224 114.489
165 105 102.218
165 164 103.394
165 165 -441.719
165 166 120.668
165 225 115.44
166 106 144.015
166 165 120.668
166 166 -668.421
166 167 215.052
166 226 188.686
167 107 882.639
167 166 215.052
167 167 -2292.57
167 168 810.172
167 227 384.706
168 108 686.318
168 167 810.172
168 168 -3427.98
168 169 887.224
168 228 1044.26
169 109 754.393
169 168 887.224
169 169 -2785.37
169 170 486.433
169 229 657.321
170 110 213.803
170 169 486.433
170 170 -1515.09
170 171 409.982
170 230 404.872
171 111 417.599
171 170 409.982
171 171 -1655.04
171 172 550.084
171 231 277.373
172 112 453.782
172 171 550.084
172 172 -1882.35
172 173 465.925
172 232 412.558
173 113 420.273
173 172 465.925
173 173 -1668.74
173 174 368.808
173 233 413.73
174 114 433.353
174 173 368.808
174 174 -1317.2
174 175 271.059
174 234 243.978
175 115 184.563
175 174 271.059
175 175 -889.564
175 176 214.58
175 235 219.362
176 116 93.1808
176 175 214.58
176 176 -547.643
176 177 130.298
176 236 109.584
177 117 70.1189
177 176 130.298
177 177 -353.878
177 178 96.3711
177 237 57.0895
178 118 41.9321
178 177 96.3711
178 178 -307.491
178 179 70.9207
178 238 98.2672
179 119 46.9375
179 178 70.9207
179 179 -506.887
179 239 55.7347
180 120 16.5622
180 180 -240.043
180 181 33.8674
180 240 34.9351
181 121 20.29
181 180 33.8674
181 181 -90.1931
181 182 15.0407
181 241 20.995
182 122 7.28389
182 181 15.0407
182 182 -43.43
182 183 10.8306
182 242 10.2748
183 123 14.6779
183 182 10.8306
183 183 -40.3386
183 184 5.50697
183 243 9.32315
184 124 3.87407
184 183 5.50697
184 184 -14.1967
184 185 2.35192
184 244 2.46379
185 125 2.12783
185 184 2.35192
185 185 -8.73701
185 186 2.32581
185 245 1.93146
186 126 2.60039
186 185 2.32581
186 186 -11.1045
186 187 3.14068
186 246 3.03765
187 127 3.06664
187 186 3.14068
187 187 -10.9835
187 188 2.66666
187 247 2.10952
188 128 2.36532
188 187 2.66666
188 188 -8.56311
188 189 1.1623
188 248 2.36882
189 129 1.07558
189 188 1.1623
189 189 -4.05525
189 190 0.839016
189 249 0.978348
190 130 0.839349
190 189 0.839016
190 190 -2.79647
190 191 0.708198
190 250 0.409911
191 131 0.676238
191 190 0.708198
191 191 -2.39426
191 192 0.364874
191 251 0.644948
192 132 0.388675
192 191 0.364874
192 192 -1.41152
192 193 0.36257
192 252 0.295397
193 133 0.683438
193 192 0.36257
193 193 -2.03824
193 194 0.396429
193 253 0.595806
194 134 0.484236
194 193 0.396429
194 194 -1.61504
194 195 0.370981
194 254 0.363395
195 135 0.723055
195 194 0.370981
195 195 -2.24306
195 196 0.742276
195 255 0.406745
196 136 1.19049
196 195 0.742276
196 196 -5.52361
196 197 1.49468
196 256 2.09616
197 137 1.63171
197 196 1.49468
197 197 -5.46333
197 198 0.615476
197 257 1.72147
198 138 0.647486
198 197 0.615476
198 198 -2.22735
198 199 0.435196
198 258 0.529196
199 139 0.67472
199 198 0.435196
199 199 -2.51469
199 200 0.673072
199 259 0.731705
200 140 1.79418
200 199 0.673072
200 200 -5.62023
200 201 1.45357
200 260 1.69942
201 141 2.58998
201 200 1.45357
201 201 -7.20956
201 202 1.6927
201 261 1.4733
202 142 2.35082
202 201 1.6927
202 202 -6.97489
202 203 1.65988
202 262 1.27149
203 143 2.34949
203 202 1.65988
203 203 -7.85312
203 204 1.82003
203 263 2.02372
204 144 1.60735
204 203 1.82003
204 204 -8.36691
204 205 2.2313
204 264 2.70823
205 145 3.44339
205 204 2.2313
205 205 -13.0173
205 206 3.99809
205 265 3.34455
206 146 6.47537
206 205 3.99809
206 206 -25.1141
206 207 8.66909
206 266 5.97158
207 147 5.42379
207 206 8.66909
207 207 -35.7192
207 208 9.14541
207 267 12.4809
208 148 3.99815
208 207 9.14541
208 208 -28.3591
208 209 7.66292
208 268 7.55267
209 149 3.91665
209 208 7.66292
209 209 -25.7511
209 210 6.34326
209 269 7.82831
210 150 2.57751
210 209 6.34326
210 210 -16.6711
210 211 4.59775
210 270 3.15261
211 151 3.40759
211 210 4.59775
211 211 -16.4663
211 212 3.89159
211 271 4.56941
212 152 3.31195
212 211 3.89159
212 212 -16.9134
212 213 4.54828
212 272 5.16158
213 153 6.17188
213 212 4.54828
213 213 -22.009
213 214 6.01879
213 273 5.27008
214 154 6.23212
214 213 6.01879
214 214 -26.0339
214 215 5.93925
214 274 7.84375
215 155 7.24556
215 214 5.93925
215 215 -30.9083
215 216 9.4196
215 275 8.30392
216 156 9.96989
216 215 9.4196
216 216 -59.1142
216 217 22.2358
216 276 17.4889
217 157 32.753
217 216 22.2358
217 217 -106.501
217 218 26.7491
217 277 24.7634
218 158 36.7871
218 217 26.7491
218 218 -122.684
218 219 22.7059
218 278 36.442
219 159 18.4486
219 218 22.7059
219 219 -90.6483
219 220 19.567
219 279 29.9269
220 160 19.0046
220 219 19.567
220 220 -93.784
220 221 24.7868
220 280 30.4256
221 161 45.1132
221 220 24.7868
221 221 -142.352
221 222 30.2037
221 281 42.248
222 162 46.2843
222 221 30.2037
222 222 -158.147
222 223 27.3714
222 282 54.2879
223 163 32.2704
223 222 27.3714
223 223 -126.632
223 224 40.9869
223 283 26.0037
224 164 114.489
224 223 40.9869
224 224 -358.761
224 225 129.447
224 284 73.8373
225 165 115.44
225 224 129.447
225 225 -495.25
225 226 176.209
225 285 74.1534
226 166 188.686
226 225 176.209
226 226 -802.376
226 227 307.772
226 286 129.709
227 167 384.706
227 226 307.772
227 227 -1298.7
227 228 430.535
227 287 175.69
228 168 1044.26
228 227 430.535
228 228 -3216.39
228 229 739.739
228 288 1001.85
229 169 657.321
229 228 739.739
229 229 -2505.61
229 230 516.673
229 289 591.882
230 170 404.872
230 229 516.673
230 230 -1393.64
230 231 275.024
230 290 197.074
231 171 277.373
231 230 275.024
231 231 -1025.04
231 232 237.459
231 291 235.186
232 172 412.558
232 231 237.459
232 232 -1329.94
232 233 371.103
232 292 308.815
233 173 413.73
233 232 371.103
233 233 -1468.5
233 234 262.859
233 293 420.81
234 174 243.978
234 233 262.859
234 234 -903.648
234 235 201.282
234 294 195.529
235 175 219.362
235 234 201.282
235 235 -667.48
235 236 110.818
235 295 136.019
236 176 109.584
236 235 110.818
236 236 -315.088
236 237 52.7229
236 296 41.963
237 177 57.0895
237 236 52.7229
237 237 -214.474
237 238 57.7496
237 297 46.9116
238 178 98.2672
238 237 57.7496
238 238 -293.828
238 239 71.3357
238 298 66.4753
239 179 55.7347
239 238 71.3357
239 239 -526.659
239 299 64.059
240 180 34.9351
240 240 -439.77
240 241 21.4004
240 300 58.386
241 181 20.995
241 240 21.4004
241 241 -72.4552
241 242 12.7438
241 301 17.3159
242 182 10.2748
242 241 12.7438
242 242 -46.3663
242 243 8.90838
242 302 14.4393
243 183 9.32315
243 242 8.90838
243 243 -28.2233
243 244 3.01613
243 303 6.97569
244 184 2.46379
244 243 3.01613
244 244 -9.61608
244 245 2.00626
244 304 2.1299
245 185 1.93146
245 244 2.00626
245 245 -8.24674
245 246 2.39815
245 305 1.91087
246 186 3.03765
246 245 2.39815
246 246 -9.6611
246 247 2.06253
246 306 2.16277
247 187 2.10952
247 246 2.06253
247 247 -8.21173
247 248 1.91868
247 307 2.12101
248 188 2.36882
248 247 1.91868
248 248 -9.26938
248 249 1.71257
248 308 3.26931
249 189 0.978348
249 248 1.71257
249 249 -4.33609
249 250 0.440565
249 309 1.20461
250 190 0.409911
250 249 0.440565
250 250 -1.55716
250 251 0.387893
250 310 0.318791
251 191 0.644948
251 250 0.387893
251 251 -2.04551
251 252 0.455557
251 311 0.557117
252 192 0.295397
252 251 0.455557
252 252 -1.63669
252 253 0.43373
252 312 0.452004
253 193 0.595806
253 252 0.43373
253 253 -1.88527
253 254 0.524191
253 313 0.331545
254 194 0.363395
254 253 0.524191
254 254 -1.74865
254 255 0.397645
254 314 0.463421
255 195 0.406745
255 254 0.397645
255 255 -1.87003
255 256 0.629567
255 315 0.436071
256 196 2.09616
256 255 0.629567
256 256 -5.70872
256 257 2.5712
256 316 0.411794
257 197 1.72147
257 256 2.5712
257 257 -6.68075
257 258 1.18231
257 317 1.20577
258 198 0.529196
258 257 1.18231
258 258 -3.90965
258 259 1.04328
258 318 1.15485
259 199 0.731705
259 258 1.04328
259 259 -6.13623
259 260 2.13046
259 319 2.23078
260 200 1.69942
260 259 2.13046
260 260 -8.40831
260 261 1.72645
260 320 2.85199
261 201 1.4733
261 260 1.72645
261 261 -5.88194
261 262 1.14357
261 321 1.53861
262 202 1.27149
262 261 1.14357
262 262 -5.16471
262 263 1.47456
262 322 1.27509
263 203 2.02372
263 262 1.47456
263 263 -8.72853
263 264 3.18529
263 323 2.04496
264 204 2.70823
264 263 3.18529
264 264 -12.6334
264 265 4.54404
264 324 2.19583
265 205 3.34455
265 264 4.54404
265 265 -16.3184
265 266 4.62247
265 325 3.80738
266 206 5.97158
266 265 4.62247
266 266 -21.9037
266 267 7.56258
266 326 3.74701
267 207 12.4809
267 266 7.56258
267 267 -38.9645
267 268 9.69164
267 327 9.22942
268 208 7.55267
268 267 9.69164
268 268 -31.5428
268 269 7.71328
268 328 6.58523
269 209 7.82831
269 268 7.71328
269 269 -27.5019
269 270 3.48079
269 329 8.4795
270 210 3.15261
270 269 3.48079
270 270 -12.4331
270 271 3.13926
270 330 2.66043
271 211 4.56941
271 270 3.13926
271 271 -19.8739
271 272 6.42586
271 331 5.73941
272 212 5.16158
272 271 6.42586
272 272 -26.4029
272 273 6.11149
272 332 8.70401
273 213 5.27008
273 272 6.11149
273 273 -25.6356
273 274 6.61839
273 333 7.63562
274 214 7.84375
274 273 6.61839
274 274 -39.7172
274 275 12.5717
274 334 12.6833
275 215 8.30392
275 274 12.5717
275 275 -56.2186
275 276 13.9973
275 335 21.3457
276 216 17.4889
276 275 13.9973
276 276 -70.903
276 277 19.0155
276 336 20.4012
277 217 24.7634
277 276 19.0155
277 277 -90.152
277 278 32.853
277 337 13.52
278 218 36.442
278 277 32.853
278 278 -164.237
278 279 59.4735
278 338 35.4682
279 219 29.9269
279 278 59.4735
279 279 -205.066
279 280 65.8967
279 339 49.7687
280 220 30.4256
280 279 65.8967
280 280 -189.433
280 281 61.7559
280 340 31.3545
281 221 42.248
281 280 61.7559
281 281 -264.091
281 282 111.339
281 341 48.7477
282 222 54.2879
282 281 111.339
282 282 -287.13
282 283 49.1593
282 342 72.343
283 223 26.0037
283 282 49.1593
283 283 -157.343
283 284 36.2301
283 343 45.9504
284 224 73.8373
284 283 36.2301
284 284 -221.746
284 285 51.8036
284 344 59.8749
285 225 74.1534
285 284 51.8036
285 285 -209.031
285 286 64.4328
285 345 18.6414
286 226 129.709
286 285 64.4328
286 286 -339.174
286 287 98.5001
286 346 46.5325
287 227 175.69
287 286 98.5001
287 287 -627.909
287 288 228.974
287 347 124.745
288 228 1001.85
288 287 228.974
288 288 -2257.3
288 289 748.586
288 348 277.893
289 229 591.882
289 288 748.586
289 289 -1910.14
289 290 207.113
289 349 362.563
290 230 197.074
290 289 207.113
290 290 -774.58
290 291 175.742
290 350 194.651
291 231 235.186
291 290 175.742
291 291 -995.929
291 292 304.982
291 351 280.02
292 232 308.815
292 291 304.982
292 292 -1166.84
292 293 342.479
292 352 210.566
293 233 420.81
293 292 342.479
293 293 -1206.09
293 294 271.27
293 353 171.526
294 234 195.529
294 293 271.27
294 294 -835.373
294 295 133.367
294 354 235.207
295 235 136.019
295 294 133.367
295 295 -407.495
295 296 45.1291
295 355 92.9799
296 236 41.963
296 295 45.1291
296 296 -171.176
296 297 38.1969
296 356 45.8875
297 237 46.9116
297 296 38.1969
297 297 -205.432
297 298 52.5107
297 357 67.8125
298 238 66.4753
298 297 52.5107
298 298 -206.108
298 299 60.1121
298 358 27.0103
299 239 64.059
299 298 60.1121
299 299 -621.118
299 359 47.1405
300 240 58.386
300 300 -553.174
300 301 35.5244
300 360 79.4192
301 241 17.3159
301 300 35.5244
301 301 -88.8748
301 302 20.6031
301 361 15.4314
302 242 14.4393
302 301 20.6031
302 302 -59.9914
302 303 9.96445
302 362 14.9846
303 243 6.97569
303 302 9.96445
303 303 -26.7468
303 304 3.55479
303 363 6.25191
304 244 2.1299
304 303 3.55479
304 304 -10.3169
304 305 2.0227
304 364 2.60949
305 245 1.91087
305 304 2.0227
305 305 -7.54182
305 306 1.75839
305 365 1.84986
306 246 2.16277
306 305 1.75839
306 306 -7.80554
306 307 2.22717
306 366 1.65721
307 247 2.12101
307 306 2.22717
307 307 -9.04062
307 308 3.90386
307 367 0.788583
308 248 3.26931
308 307 3.90386
308 308 -11.0964
308 309 1.81125
308 368 2.11202
309 249 1.20461
309 308 1.81125
309 309 -4.79479
309 310 0.589211
309 369 1.18972
310 250 0.318791
310 309 0.589211
310 310 -1.86083
310 311 0.42485
310 370 0.527974
311 251 0.557117
311 310 0.42485
311 311 -2.05805
311 312 0.551812
311 371 0.524269
312 252 0.452004
312 311 0.551812
312 312 -1.92565
312 313 0.342117
312 372 0.579718
313 253 0.331545
313 312 0.342117
313 313 -1.24999
313 314 0.306152
313 373 0.270172
314 254 0.463421
314 313 0.306152
314 314 -1.56277
314 315 0.516459
314 374 0.27674
315 255 0.436071
315 314 0.516459
315 315 -1.54518
315 316 0.319162
315 375 0.273485
316 256 0.411794
316 315 0.319162
316 316 -1.29784
316 317 0.348576
316 376 0.218311
317 257 1.20577
317 316 0.348576
317 317 -3.05243
317 318 1.17723
317 377 0.320853
318 258 1.15485
318 317 1.17723
318 318 -6.80776
318 319 2.81161
318 378 1.66406
319 259 2.23078
319 318 2.81161
319 319 -10.4728
319 320 3.03469
319 379 2.3957
320 260 2.85199
320 319 3.03469
320 320 -10.6654
320 321 2.37335
320 380 2.40536
321 261 1.53861
321 320 2.37335
321 321 -7.49777
321 322 1.78655
321 381 1.79927
322 262 1.27509
322 321 1.78655
322 322 -6.02352
322 323 1.6804
322 382 1.28148
323 263 2.04496
323 322 1.6804
323 323 -6.30057
323 324 1.58612
323 383 0.989085
324 264 2.19583
324 323 1.58612
324 324 -7.64985
324 325 2.00809
324 384 1.85982
325 265 3.80738
325 324 2.00809
325 325 -13.9704
325 326 3.19293
325 385 4.96196
326 266 3.74701
326 325 3.19293
326 326 -14.9825
326 327 4.11526
326 386 3.9273
327 267 9.22942
327 326 4.11526
327 327 -28.3182
327 328 6.36852
327 387 8.605
328 268 6.58523
328 327 6.36852
328 328 -24.8456
328 329 7.13573
328 388 4.75613
329 269 8.4795
329 328 7.13573
329 329 -28.9246
329 330 4.84215
329 389 8.46726
330 270 2.66043
330 329 4.84215
330 330 -16.8815
330 331 4.3184
330 390 5.06057
331 271 5.73941
331 330 4.3184
331 331 -28.0891
331 332 7.4905
331 391 10.5407
332 272 8.70401
332 331 7.4905
332 332 -38.3809
332 333 12.1612
332 392 10.0251
333 273 7.63562
333 332 12.1612
333 333 -59.6906
333 334 17.0315
333 393 22.8622
334 274 12.6833
334 333 17.0315
334 334 -71.1498
334 335 21.6695
334 394 19.7655
335 275 21.3457
335 334 21.6695
335 335 -109.011
335 336 40.9464
335 395 25.0495
336 276 20.4012
336 335 40.9464
336 336 -100.655
336 337 14.2061
336 396 25.1017
337 277 13.52
337 336 14.2061
337 337 -50.04
337 338 13.9431
337 397 8.3708
338 278 35.4682
338 337 13.9431
338 338 -97.9595
338 339 31.7733
338 398 16.7749
339 279 49.7687
339 338 31.7733
339 339 -144.824
339 340 27.1658
339 399 36.1158
340 280 31.3545
340 339 27.1658
340 340 -107.059
340 341 27.6134
340 400 20.9257
341 281 48.7477
341 340 27.6134
341 341 -155.314
341 342 39.4395
341 401 39.5131
342 282 72.343
342 341 39.4395
342 342 -233.904
342 343 65.6012
342 402 56.52
343 283 45.9504
343 342 65.6012
343 343 -255.223
343 344 92.0579
343 403 51.6135
344 284 59.8749
344 343 92.0579
344 344 -211.828
344 345 19.5917
344 404 40.3037
345 285 18.6414
345 344 19.5917
345 345 -66.5075
345 346 16.7745
345 405 11.5
346 286 46.5325
346 345 16.7745
346 346 -136.452
346 347 51.6677
346 406 21.4771
347 287 124.745
347 346 51.6677
347 347 -434.048
347 348 137.977
347 407 119.659
348 288 277.893
348 347 137.977
348 348 -736.638
348 349 199.171
348 408 121.597
349 289 362.563
349 348 199.171
349 349 -1008.81
349 350 326.025
349 409 121.05
350 290 194.651
350 349 326.025
350 350 -1216.74
350 351 331.298
350 410 364.77
351 291 280.02
351 350 331.298
351 351 -993.487
351 352 198.358
351 411 183.812
352 292 210.566
352 351 198.358
352 352 -674.105
352 353 130.561
352 412 134.62
353 293 171.526
353 352 130.561
353 353 -598.039
353 354 156.367
353 413 139.585
354 294 235.207
354 353 156.367
354 354 -677.729
354 355 133.182
354 414 152.973
355 295 92.9799
355 354 133.182
355 355 -390.747
355 356 96.2577
355 415 68.3272
356 296 45.8875
356 355 96.2577
356 356 -356.925
356 357 96.536
356 416 118.244
357 297 67.8125
357 356 96.536
357 357 -253.935
357 358 30.5571
357 417 59.0295
358 298 27.0103
358 357 30.5571
358 358 -91.269
358 359 24.0382
358 418 9.66336
359 299 47.1405
359 358 24.0382
359 359 -301.285
359 419 23.83
360 300 79.4192
360 360 -800.687
360 361 20.3067
360 420 61.771
361 301 15.4314
361 360 20.3067
361 361 -65.6813
361 362 12.0479
361 421 17.8953
362 302 14.9846
362 361 12.0479
362 362 -49.74
362 363 7.91579
362 422 14.7917
363 303 6.25191
363 362 7.91579
363 363 -24.6084
363 364 3.81887
363 423 6.62178
364 304 2.60949
364 363 3.81887
364 364 -12.455
364 365 2.32877
364 424 3.69788
365 305 1.84986
365 364 2.32877
365 365 -8.14048
365 366 1.73821
365 425 2.22364
366 306 1.65721
366 365 1.73821
366 366 -5.69983
366 367 0.702977
366 426 1.60143
367 307 0.788583
367 366 0.702977
367 367 -2.78394
367 368 0.67321
367 427 0.619173
368 308 2.11202
368 367 0.67321
368 368 -5.54752
368 369 1.31249
368 428 1.4498
369 309 1.18972
369 368 1.31249
369 369 -4.91552
369 370 0.963964
369 429 1.44935
370 310 0.527974
370 369 0.963964
370 370 -2.94431
370 371 0.690762
370 430 0.761608
371 311 0.524269
371 370 0.690762
371 371 -2.15797
371 372 0.549395
371 431 0.393543
372 312 0.579718
372 371 0.549395
372 372 -1.69559
372 373 0.399465
372 432 0.167009
373 313 0.270172
373 372 0.399465
373 373 -1.08096
373 374 0.247006
373 433 0.164312
374 314 0.27674
374 373 0.247006
374 374 -0.760039
374 375 0.187486
374 434 0.0488069
375 315 0.273485
375 374 0.187486
375 375 -0.759386
375 376 0.195928
375 435 0.102487
376 316 0.218311
376 375 0.195928
376 376 -0.79647
376 377 0.207104
376 436 0.175127
377 317 0.320853
377 376 0.207104
377 377 -1.1233
377 378 0.348653
377 437 0.246691
378 318 1.66406
378 377 0.348653
378 378 -3.96192
378 379 1.50901
378 438 0.440194
379 319 2.3957
379 378 1.50901
379 379 -7.04237
379 380 1.98558
379 439 1.15208
380 320 2.40536
380 379 1.98558
380 380 -7.24224
380 381 1.8176
380 440 1.0337
381 321 1.79927
381 380 1.8176
381 381 -6.17504
381 382 1.288
381 441 1.27016
382 322 1.28148
382 381 1.288
382 382 -4.33416
382 383 0.835916
382 442 0.928766
383 323 0.989085
383 382 0.835916
383 383 -3.62913
383 384 1.08903
383 443 0.7151
384 324 1.85982
384 383 1.08903
384 384 -9.32291
384 385 4.14536
384 444 2.22871
385 325 4.96196
385 384 4.14536
385 385 -24.6551
385 386 6.99452
385 445 8.55328
386 326 3.9273
386 385 6.99452
386 386 -25.4484
386 387 7.82219
386 446 6.70443
387 327 8.605
387 386 7.82219
387 387 -28.2036
387 388 5.90166
387 447 5.8748
388 328 4.75613
388 387 5.90166
388 388 -19.9179
388 389 5.31302
388 448 3.94713
389 329 8.46726
389 388 5.31302
389 389 -30.5822
389 390 9.1585
389 449 7.64342
390 330 5.06057
390 389 9.1585
390 390 -41.0649
390 391 16.4179
390 450 10.4278
391 331 10.5407
391 390 16.4179
391 391 -59.208
391 392 16.3621
391 451 15.8872
392 332 10.0251
392 391 16.3621
392 392 -62.4023
392 393 16.3236
392 452 19.6915
393 333 22.8622
393 392 16.3236
393 393 -98.476
393 394 28.0749
393 453 31.2153
394 334 19.7655
394 393 28.0749
394 394 -93.563
394 395 22.5397
394 454 23.183
395 335 25.0495
395 394 22.5397
395 395 -88.4158
395 396 18.0712
395 455 22.7553
396 336 25.1017
396 395 18.0712
396 396 -75.2169
396 397 11.2475
396 456 20.7964
397 337 8.3708
397 396 11.2475
397 397 -36.9053
397 398 9.31481
397 457 7.97218
398 338 16.7749
398 397 9.31481
398 398 -59.839
398 399 17.9119
398 458 15.8374
399 339 36.1158
399 398 17.9119
399 399 -107.46
399 400 25.8627
399 459 27.5691
400 340 20.9257
400 399 25.8627
400 400 -96.7776
400 401 27.1136
400 460 22.8756
401 341 39.5131
401 400 27.1136
401 401 -154.056
401 402 56.6714
401 461 30.7581
402 342 56.52
402 401 56.6714
402 402 -210.058
402 403 45.8211
402 462 51.0455
403 343 51.6135
403 402 45.8211
403 403 -159.838
403 404 30.0087
403 463 32.3949
404 344 40.3037
404 403 30.0087
404 404 -114.603
404 405 16.4673
404 464 27.8231
405 345 11.5
405 404 16.4673
405 405 -59.3849
405 406 13.5311
405 465 17.8866
406 346 21.4771
406 405 13.5311
406 406 -86.8149
406 407 28.1184
406 466 23.6882
407 347 119.659
407 406 28.1184
407 407 -315.798
407 408 107.142
407 467 60.8785
408 348 121.597
408 407 107.142
408 408 -354.068
408 409 87.2285
408 468 38.1007
409 349 121.05
409 408 87.2285
409 409 -426.86
409 410 126.02
409 469 92.5615
410 350 364.77
410 409 126.02
410 410 -1066.61
410 411 193.672
410 470 382.148
411 351 183.812
411 410 193.672
411 411 -661.124
411 412 127.758
411 471 155.882
412 352 134.62
412 411 127.758
412 412 -561.251
412 413 144.233
412 472 154.64
413 353 139.585
413 412 144.233
413 413 -623.866
413 414 136.875
413 473 203.173
414 354 152.973
414 413 136.875
414 414 -480.918
414 415 73.1848
414 474 117.885
415 355 68.3272
415 414 73.1848
415 415 -272.066
415 416 78.7167
415 475 51.8369
416 356 118.244
416 415 78.7167
416 416 -371.02
416 417 66.494
416 476 107.566
417 357 59.0295
417 416 66.494
417 417 -152.743
417 418 11.4027
417 477 15.8164
418 358 9.66336
418 417 11.4027
418 418 -39.3918
418 419 9.62954
418 478 8.69626
419 359 23.83
419 418 9.62954
419 419 -157.583
419 479 14.7155
420 360 61.771
420 420 -388.279
420 421 43.8122
420 480 21.7215
421 361 17.8953
421 420 43.8122
421 421 -100.275
421 422 24.7009
421 481 13.8667
422 362 14.7917
422 421 24.7009
422 422 -63.5514
422 423 10.8351
422 482 13.2237
423 363 6.62178
423 422 10.8351
423 423 -33.2019
423 424 6.26627
423 483 9.47876
424 364 3.69788
424 423 6.26627
424 424 -20.2536
424 425 3.43964
424 484 6.84979
425 365 2.22364
425 424 3.43964
425 425 -10.2184
425 426 2.0046
425 485 2.55048
426 366 1.60143
426 425 2.0046
426 426 -6.26115
426 427 1.22402
426 486 1.43109
427 367 0.619173
427 426 1.22402
427 427 -4.10876
427 428 1.22042
427 487 1.04514
428 368 1.4498
428 427 1.22042
428 428 -5.29494
428 429 1.61863
428 488 1.00608
429 369 1.44935
429 428 1.61863
429 429 -4.43472
429 430 1.03563
429 489 0.331109
430 370 0.761608
430 429 1.03563
430 430 -2.64944
430 431 0.415567
430 490 0.436634
431 371 0.393543
431 430 0.415567
431 431 -1.2783
431 432 0.149064
431 491 0.320124
432 372 0.167009
432 431 0.149064
432 432 -0.515921
432 433 0.10449
432 492 0.0953579
433 373 0.164312
433 432 0.10449
433 433 -0.361237
433 434 0.0443923
433 493 0.0480429
434 374 0.0488069
434 433 0.0443923
434 434 -0.162273
434 435 0.0401405
434 494 0.0289336
435 375 0.102487
435 434 0.0401405
435 435 -0.285722
435 436 0.0964917
435 495 0.0466032
436 376 0.175127
436 435 0.0964917
436 436 -0.541636
436 437 0.202621
436 496 0.0673964
437 377 0.246691
437 436 0.202621
437 437 -0.890252
437 438 0.289251
437 497 0.151689
438 378 0.440194
438 437 0.289251
438 438 -1.33207
438 439 0.403709
438 498 0.19892
439 379 1.15208
439 438 0.403709
439 439 -2.85437
439 440 0.750885
439 499 0.547692
440 380 1.0337
440 439 0.750885
440 440 -3.05668
440 441 0.830203
440 500 0.441888
441 381 1.27016
441 440 0.830203
441 441 -3.71891
441 442 0.919453
441 501 0.699096
442 382 0.928766
442 441 0.919453
442 442 -3.28926
442 443 0.781976
442 502 0.659068
443 383 0.7151
443 442 0.781976
443 443 -3.18111
443 444 1.07661
443 503 0.607429
444 384 2.22871
444 443 1.07661
444 444 -6.94777
444 445 3.08289
444 504 0.559573
445 385 8.55328
445 444 3.08289
445 445 -22.9601
445 446 8.12345
445 505 3.20049
446 386 6.70443
446 445 8.12345
446 446 -25.5068
446 447 5.22105
446 506 5.45786
447 387 5.8748
447 446 5.22105
447 447 -17.9004
447 448 3.9351
447 507 2.8695
448 388 3.94713
448 447 3.9351
448 448 -17.1291
448 449 5.10299
448 508 4.14391
449 389 7.64342
449 448 5.10299
449 449 -29.6829
449 450 8.50772
449 509 8.42879
450 390 10.4278
450 449 8.50772
450 450 -39.4381
450 451 10.2112
450 510 10.2913
451 391 15.8872
451 450 10.2112
451 451 -59.178
451 452 19.0076
451 511 14.072
452 392 19.6915
452 451 19.0076
452 452 -128.071
452 453 46.3868
452 512 42.9847
453 393 31.2153
453 452 46.3868
453 453 -130.017
453 454 25.2834
453 513 27.1315
454 394 23.183
454 453 25.2834
454 454 -93.2274
454 455 23.4112
454 514 21.3498
455 395 22.7553
455 454 23.4112
455 455 -106.855
455 456 27.2522
455 515 33.4366
456 396 20.7964
456 455 27.2522
456 456 -85.1515
456 457 11.8185
456 516 25.2844
457 397 7.97218
457 456 11.8185
457 457 -43.6062
457 458 12.3119
457 517 11.5036
458 398 15.8374
458 457 12.3119
458 458 -65.7961
458 459 22.9434
458 518 14.7035
459 399 27.5691
459 458 22.9434
459 459 -94.8196
459 460 24.2005
459 519 20.1066
460 400 22.8756
460 459 24.2005
460 460 -97.2326
460 461 25.4164
460 520 24.74
461 401 30.7581
461 460 25.4164
461 461 -95.5059
461 462 29.0221
461 521 10.3094
462 402 51.0455
462 461 29.0221
462 462 -133.626
462 463 34.9218
462 522 18.6365
463 403 32.3949
463 462 34.9218
463 463 -131.124
463 464 29.8625
463 523 33.9448
464 404 27.8231
464 463 29.8625
464 464 -116.388
464 465 32.1309
464 524 26.572
465 405 17.8866
465 464 32.1309
465 465 -130.022
465 466 41.2893
465 525 38.7152
466 406 23.6882
466 465 41.2893
466 466 -150.434
466 467 43.3323
466 526 42.1242
467 407 60.8785
467 466 43.3323
467 467 -175.733
467 468 29.9949
467 527 41.5273
468 408 38.1007
468 467 29.9949
468 468 -131.075
468 469 39.0843
468 528 23.8947
469 409 92.5615
469 468 39.0843
469 469 -419.271
469 470 182.31
469 529 105.316
470 410 382.148
470 469 182.31
470 470 -865.124
470 471 258.497
470 530 42.1698
471 411 155.882
471 470 258.497
471 471 -699.674
471 472 197.846
471 531 87.4489
472 412 154.64
472 471 197.846
472 472 -662.782
472 473 224.45
472 532 85.846
473 413 203.173
473 472 224.45
473 473 -712.808
473 474 163.967
473 533 121.218
474 414 117.885
474 473 163.967
474 474 -479.199
474 475 70.8713
474 534 126.476
475 415 51.8369
475 474 70.8713
475 475 -217.349
475 476 62.956
475 535 31.6849
476 416 107.566
476 475 62.956
476 476 -212.189
476 477 17.3964
476 536 24.2708
477 417 15.8164
477 476 17.3964
477 477 -57.0708
477 478 11.0474
477 537 12.8105
478 418 8.69626
478 477 11.0474
478 478 -42.8838
478 479 12.6422
478 538 10.498
479 419 14.7155
479 478 12.6422
479 479 -108.564
479 539 7.19702
480 420 21.7215
480 480 -132.72
480 481 10.4901
480 540 13.6577
481 421 13.8667
481 480 10.4901
481 481 -39.72
481 482 9.32378
481 541 6.03941
482 422 13.2237
482 481 9.32378
482 482 -46.4843
482 483 11.2577
482 542 12.6792
483 423 9.47876
483 482 11.2577
483 483 -48.0375
483 484 10.8809
483 543 16.4202
484 424 6.84979
484 483 10.8809
484 484 -28.7345
484 485 4.04294
484 544 6.96091
485 425 2.55048
485 484 4.04294
485 485 -9.55224
485 486 1.68919
485 545 1.26962
486 426 1.43109
486 485 1.68919
486 486 -6.41191
486 487 1.19247
486 546 2.09915
487 427 1.04514
487 486 1.19247
487 487 -4.96721
487 488 0.883872
487 547 1.84574
488 428 1.00608
488 487 0.883872
488 488 -2.93212
488 489 0.294438
488 548 0.747738
489 429 0.331109
489 488 0.294438
489 489 -1.05723
489 490 0.23016
489 549 0.201519
490 430 0.436634
490 489 0.23016
490 490 -1.37828
490 491 0.332482
490 550 0.379003
491 431 0.320124
491 490 0.332482
491 491 -1.26817
491 492 0.144884
491 551 0.470683
492 432 0.0953579
492 491 0.144884
492 492 -0.369819
492 493 0.0460168
492 552 0.0835604
493 433 0.0480429
493 492 0.0460168
493 493 -0.160151
493 494 0.0304412
493 553 0.0356499
494 434 0.0289336
494 493 0.0304412
494 494 -0.136494
494 495 0.0321469
494 554 0.0449723
495 435 0.0466032
495 494 0.0321469
495 495 -0.157377
495 496 0.0385628
495 555 0.0400641
496 436 0.0673964
496 495 0.0385628
496 496 -0.211722
496 497 0.0606256
496 556 0.0451373
497 437 0.151689
497 496 0.0606256
497 497 -0.400227
497 498 0.122514
497 557 0.0653988
498 438 0.19892
498 497 0.122514
498 498 -0.733628
498 499 0.228522
498 558 0.183672
499 439 0.547692
499 498 0.228522
499 499 -1.51025
499 500 0.362701
499 559 0.371335
500 440 0.441888
500 499 0.362701
500 500 -1.5424
500 501 0.401783
500 560 0.336028
501 441 0.699096
501 500 0.401783
501 501 -1.98687
501 502 0.537602
501 561 0.348387
502 442 0.659068
502 501 0.537602
502 502 -2.13803
502 503 0.53057
502 562 0.410786
503 443 0.607429
503 502 0.53057
503 503 -1.97081
503 504 0.399279
503 563 0.43353
504 444 0.559573
504 503 0.399279
504 504 -1.84924
504 505 0.56333
504 564 0.327058
505 445 3.20049
505 504 0.56333
505 505 -7.56746
505 506 2.68403
505 565 1.11961
506 446 5.45786
506 505 2.68403
506 506 -14.295
506 507 2.9396
506 566 3.21348
507 447 2.8695
507 506 2.9396
507 507 -11.7584
507 508 2.97897
507 567 2.97028
508 448 4.14391
508 507 2.97897
508 508 -19.242
508 509 6.09773
508 568 6.02143
509 449 8.42879
509 508 6.09773
509 509 -33.3083
509 510 10.1761
509 569 8.60572
510 450 10.2913
510 509 10.1761
510 510 -47.8646
510 511 14.2247
510 570 13.1725
511 451 14.072
511 510 14.2247
511 511 -64.8699
511 512 23.9714
511 571 12.6017
512 452 42.9847
512 511 23.9714
512 512 -107.709
512 513 25.9311
512 572 14.8213
513 453 27.1315
513 512 25.9311
513 513 -89.2616
513 514 22.6528
513 573 13.5463
514 454 21.3498
514 513 22.6528
514 514 -100.534
514 515 29.3846
514 574 27.1471
515 455 33.4366
515 514 29.3846
515 515 -128.199
515 516 30.5222
515 575 34.8556
516 456 25.2844
516 515 30.5222
516 516 -108.812
516 517 23.8856
516 576 29.1203
517 457 11.5036
517 516 23.8856
517 517 -65.8886
517 518 13.5652
517 577 16.9343
518 458 14.7035
518 517 13.5652
518 518 -53.3401
518 519 13.4843
518 578 11.5872
519 459 20.1066
519 518 13.4843
519 519 -72.8455
519 520 20.4776
